q1 = 90;
q2 = 90;
q3 = 90;
q4 = 90;
q5 = 90;
q6 = 90;

 L1 = 0.128;
 L2 = 0.1639;
 L3 = 0.6127;
 L4 = 0.0922;
 L5 = 0.15;
 L6 = 0.0;
 L7 = 0.15;
 L8 =  0.30635;
 L9 = 0.0;
 L10 = 0.34365;
 L11 = 0.5716;
 L12 = 0.1157;


asdf6_0 = ... 
[ L2*cos(q1) - L5*cos(q1) + L7*cos(q1) + L4*(cos(q1)*cos(q5) - cos(q2 - q3 + q4)*sin(q1)*sin(q5)) + L12*sin(q2 - q3 + q4)*sin(q1) + L3*cos(q2)*sin(q1) + L11*cos(q2)*cos(q3)*sin(q1) + L11*sin(q1)*sin(q2)*sin(q3),                       -cos(q1)*(L12*cos(q2 - q3 + q4) - L3*sin(q2) - L11*sin(q2 - q3) + L4*sin(q2 - q3 + q4)*sin(q5)),                        cos(q1)*(L12*cos(q2 - q3 + q4) - L11*sin(q2 - q3) + L4*sin(q2 - q3 + q4)*sin(q5)), -cos(q1)*(L12*cos(q2 - q3 + q4) + L4*sin(q2 - q3 + q4)*sin(q5)), L4*cos(q2 - q3 + q4)*cos(q1)*cos(q5) - L4*sin(q1)*sin(q5),                                                   0;
 L2*sin(q1) - L5*sin(q1) + L7*sin(q1) + L4*(cos(q5)*sin(q1) + cos(q2 - q3 + q4)*cos(q1)*sin(q5)) - L12*sin(q2 - q3 + q4)*cos(q1) - L3*cos(q1)*cos(q2) - L11*cos(q1)*cos(q2)*cos(q3) - L11*cos(q1)*sin(q2)*sin(q3),                       -sin(q1)*(L12*cos(q2 - q3 + q4) - L3*sin(q2) - L11*sin(q2 - q3) + L4*sin(q2 - q3 + q4)*sin(q5)),                        sin(q1)*(L12*cos(q2 - q3 + q4) - L11*sin(q2 - q3) + L4*sin(q2 - q3 + q4)*sin(q5)), -sin(q1)*(L12*cos(q2 - q3 + q4) + L4*sin(q2 - q3 + q4)*sin(q5)),  L4*(cos(q1)*sin(q5) + cos(q2 - q3 + q4)*cos(q5)*sin(q1)),                                                   0;
                                                                                                                                                                                                                0, (L4*sin(q2 - q3 + q4 + q5))/2 - L12*sin(q2 - q3 + q4) - L3*cos(q2) - (L4*sin(q2 - q3 + q4 - q5))/2 - L11*cos(q2 - q3), (L4*sin(q2 - q3 + q4 - q5))/2 + L12*sin(q2 - q3 + q4) - (L4*sin(q2 - q3 + q4 + q5))/2 + L11*cos(q2 - q3),            L4*cos(q2 - q3 + q4)*sin(q5) - L12*sin(q2 - q3 + q4),                              L4*sin(q2 - q3 + q4)*cos(q5),                                                   0;
                                                                                                                                                                                                                0,                                                                                                               sin(q1),                                                                                                 -sin(q1),                                                         sin(q1),                                -sin(q2 - q3 + q4)*cos(q1), cos(q5)*sin(q1) + cos(q2 - q3 + q4)*cos(q1)*sin(q5);
                                                                                                                                                                                                                0,                                                                                                              -cos(q1),                                                                                                  cos(q1),                                                        -cos(q1),                                -sin(q2 - q3 + q4)*sin(q1), cos(q2 - q3 + q4)*sin(q1)*sin(q5) - cos(q1)*cos(q5);
                                                                                                                                                                                                                1,                                                                                                                     0,                                                                                                        0,                                                               0,                                         cos(q2 - q3 + q4),                           sin(q2 - q3 + q4)*sin(q5)]

                                                                                                                                                                                                            
0.336136   -0.235644 -0.00978902  0.00978902  -0.0819833           0
   0.305595    0.470157    0.019531   -0.019531  -0.0203844           0
          0   -0.437434    0.711969   -0.140369  -0.0369331           0
          0    0.893997   -0.893997    0.893997    0.400576   -0.221089
          0    0.448074   -0.448074    0.448074    -0.79923   -0.558884
          1           0           0           0   -0.448074     0.79923

          
          
J6_0
   0.336136   -0.235644 -0.00978902  0.00978902  -0.0819833           0
   0.305595    0.470157    0.019531   -0.019531  -0.0203844           0
          0   -0.437434    0.711969   -0.140369  -0.0369331           0
          0    0.893997   -0.893997    0.893997    0.400576   -0.221089
          0    0.448074   -0.448074    0.448074    -0.79923   -0.558884
          1           0           0           0   -0.448074     0.79923
J6_0.inverse()
      2.2322      1.11878   1.0839e-16    0.0824421    -0.164488   -0.0922174
    -1.39129       1.3448 -4.85669e-17   0.00496057    0.0791163    0.0566965
   -0.904054      0.60819      1.74948     0.266027    0.0635441     0.118025
   -0.512958     -1.23791      1.74948      1.21875     0.305434     0.550723
     1.00019     0.501297  4.85669e-17     0.437516    -0.872933    -0.489394
     -2.2322     -1.11878  -1.0839e-16     0.142134    -0.283585      1.09222
       

                                                                                                                                                                                                            